127
128
195
196
197
99
100
101
102
103
99
100
101
102
103
104
104
105
105
106
106
107
107
108
108
109
109
110
110
111
111
112
112
38
50
39
51
40
52
41
53
42
54
43
55
44
56
45
57
46
58
47
59
43
60
61
40
42
228
237
230
239
161
173
162
174
127
128
231
240
233
242
114
52
118
54
120
56
122
124
60
126
234
243
235
244
107
51
117
53
119
55
121
57
123
59
125
61
236
245
107
54
195
196
197
50
51
52
53
54
55
56
57
58
59
60
61
228
237
230
239
231
240
232
241
195
196
197
200
206
201
207
202
208
195
196
197
99
100
101
102
103
104
105
106
107
108
109
110
111
112
99
100
101
102
103
104
105
106
107
108
109
110
111
112
99
100
101
102
103
104
105
106
107
108
109
110
111
112
99
100
101
102
103
104
105
106
107
108
109
110
111
112
113
114
115
117
118
119
120
121
122
123
124
125
126
107
108
109
110
111
112
113
114
115
117
118
119
120
121
122
123
124
125
126
107
108
109
110
111
112
131
135
132
136
200
206
201
207
203
209
99
113
113
204
210
49
205
211
48
198
199
107
51
117
53
119
55
121
57
123
59
125
61
99
99
133
137
37
134
138
195
196
197
36
129
130
107
39
99
41
101
43
103
45
105
47
129
130
107
39
99
41
101
43
103
45
105
47
129
130
107
39
99
41
101
43
103
45
105
47
127
128
99
100
101
102
103
104
105
106
107
108
109
110
111
112
113
114
115
117
118
119
120
121
122
123
124
125
126
107
108
109
110
111
112
38
39
40
41
42
43
44
45
46
47
161
173
163
175
164
176
165
177
127
128
212
220
213
221
215
223
38
39
40
41
42
43
44
45
46
47
149
155
151
157
40
100
42
102
44
104
46
106
152
158
153
159
107
39
99
41
101
43
103
45
105
47
154
160
107
40
127
128
99
100
101
102
103
104
105
106
107
108
109
110
111
112
99
100
101
102
103
104
105
106
107
108
109
110
111
112
99
100
101
102
103
104
105
106
107
108
109
110
111
112
131
135
132
136
99
101
99
101
99
101
133
137
37
134
138
36
127
128
99
100
101
102
103
104
105
106
107
108
109
110
111
112
38
39
40
41
42
43
44
45
46
47
41
40
42
161
173
162
174
127
128
99
100
101
102
103
104
105
106
107
108
109
110
111
112
139
144
140
145
142
147
107
39
99
41
101
43
103
45
105
47
143
148
40
127
128
99
100
101
102
103
104
105
106
107
108
109
110
111
112
38
113
107
39
40
41
42
43
44
45
46
47
216
224
218
226
107
51
117
53
119
55
121
57
123
59
125
61
219
227
195
196
197
161
173
163
175
164
176
166
178
40
100
167
179
42
102
168
180
104
169
181
46
106
170
182
99
100
101
102
103
104
105
106
107
108
109
110
111
112
113
114
115
117
118
119
120
121
122
123
124
125
126
107
108
109
110
111
112
212
220
171
183
107
39
99
41
101
43
103
45
105
47
172
184
213
221
214
222
127
128
195
196
197
99
100
101
102
103
104
105
106
107
108
109
110
111
112
50
51
52
53
54
55
56
57
58
59
60
61
55
52
54
56
228
237
229
238
195
196
197
185
190
186
191
188
193
189
194
127
128
99
100
101
102
103
104
105
106
107
108
109
110
111
112
113
114
115
117
118
119
120
121
122
123
124
125
126
107
108
109
110
111
112
212
220
213
221
215
223
38
39
40
41
42
43
44
45
46
47
41
40
42
149
155
150
156
127
128
113
107
216
224
217
225
139
144
140
145
141
146
127
128
38
39
40
41
42
43
44
45
46
47
43
40
42
149
155
150
156
127
128
185
190
186
191
187
192
